0,3336475	0,200236	0,3436705	0,1538895	0,463982	0
0,2906075	0,167446	0,243042666666667	0,180787	0,7293255	0
0,659674	0,878698666666667	1,017783	0,805498	1,106094	1
0,185299333333333	0,308514333333333	0,464622	0,306535333333333	0,501811	1
0,235849	0,406785	0,655826	1,0364885	1,380861	3
0,332215333333333	0,496104333333333	0,7502425	0,556363666666667	0,882169	3
0,227318333333333	0,217071666666667	0,110228	0,167582	0,4661525	0
0,347206666666667	0,36568	0,2166665	0,262038	0,5966875	0
0,8193975	0,862518666666666	1,177896	0,69979	0,940344	1
0,975069	1,03479866666667	1,159856	1,065092	1,0211865	1
0,5964915	1,28066566666667	1,669584	1,581804	0,9723045	1
0,204197	0,316383	0,502138333333333	0,5939185	0,759055	3
0,159592	0,288455666666667	0,349493	0,469589	0,7897315	3
0,208125666666667	0,126477333333333	0,160912666666667	0,382451	0,654563	0
0,1319255	0,061107666666667	0,078488333333333	0,216826333333333	0,530986	0
0,318107333333333	0,163713	0,128440333333333	0,163467	0,698757	0
0,106019333333333	0,115897	0,111321333333333	0,206482666666667	0,7334145	0
0,250740666666667	0,207270333333333	0,080106	0,194176333333333	0,7979975	0
0,1640075	0,104788333333333	0,096274	0,215257333333333	0,647596	0
0,243675	0,143327333333333	0,256878666666667	0,158489	0,471279	0
0,262587333333333	0,353245666666667	0,379788666666667	0,411119333333333	0,5743075	3
0,133933666666667	0,543113333333333	0,506313	0,567518333333333	0,5809685	1
0,29285	1,07095633333333	0,986889	1,071285	0,717245	1
0,203778666666667	0,834162	0,805832666666667	0,87875	0,6443755	1
0,283544	0,600452333333333	0,605388	0,660054	1,021987	3
0,209302666666667	0,503492	0,521782	0,503514333333333	0,6225825	1
0,141780333333333	0,352667	0,422117666666667	0,40709	0,556448	1
0,1632	0,079609	0,162901	0,119793	0,638704	0
0,121861333333333	0,217481666666667	0,054212	0,217371	0,508287	0
0,145819	0,055529666666667	0,0410765	0,140180666666667	0,6085605	0
0,124996	0,108515666666667	0,095774	0,145674666666667	0,8762295	0
0,138967333333333	0,205754666666667	0,061724333333333	0,270222666666667	0,7898805	0
0,113332	0,119231	0,098872333333333	0,262301	0,700765	0
0,079099	0,124467	0,100639	0,264065333333333	0,999258	0
0,141144	0,280305666666667	0,353849666666667	0,652730666666667	1,225545	3
0,133111	0,212305333333333	0,247932	0,267635666666667	0,402252	3
0,425166666666667	0,685543	0,721021333333333	0,767978333333333	0,778848	1
0,492433666666667	0,648997	0,897835666666667	1,0588685	0,742837	3
0,285821333333333	0,527933333333333	0,659196333333333	0,664216	0,6675395	1
-1	-1	-1	-1	-1	-1	
0,213836333333333	0,257390333333333	0,107945333333333	0,151039333333333	0,508912	0
-1	-1	-1	-1	-1	-1	
-1	-1	-1	-1	-1	-1	
0,355377	0,454409	0,577534666666667	0,771684666666667	0,5768195	3
0,232987	0,438222333333333	0,892217	1,11818566666667	0,7703485	3
0,118677	0,237043666666667	1,046366	1,18029733333333	0,6740325	3
0,159916666666667	0,287276666666667	0,915125	1,126365	0,8040545	3
0,178293	0,275208666666667	0,866060333333333	1,034551	0,8401335	3
-1	-1	-1	-1	-1	-1	
0,168673333333333	0,318613333333333	0,777074333333333	0,972492666666667	0,8957885	3
0,112199666666667	0,150739333333333	0,320212	0,299904	0,303725	3
0,206139	0,524984333333333	0,664116666666667	0,6937885	0,7419735	1
0,236408	0,563866	0,785228	0,7456905	0,72096	1
0,351714666666667	0,750319	1,45899366666667	1,524899	1,449999	3
-1	-1	-1	-1	-1	-1	
-1	-1	-1	-1	-1	-1	
0,113417666666667	0,342626666666667	0,395991666666667	0,373484333333333	0,4401595	1
0,116360333333333	0,479899333333333	0,443402	0,500967	0,8284235	1
-1	-1	-1	-1	-1	-1	
-1	-1	-1	-1	-1	-1	
-1	-1	-1	-1	-1	-1	
-1	-1	-1	-1	-1	-1	
-1	-1	-1	-1	-1	-1	
0,491007	0,944285666666667	0,802413	0,793404666666667	0,714986	1
0,498777666666667	0,878205666666667	0,972483666666667	0,85445	0,733475	1
0,288681666666667	0,491164333333334	0,773743666666667	0,605122333333333	0,6237055	1
0,237484333333333	0,31682	0,458331666666667	0,416665666666667	0,40251	3
0,110705333333333	0,183488333333333	0,389520666666667	0,578474	0,7622845	3
0,1925515	0,290487	0,55104	0,886219333333333	1,022163	3
0,054265	0,086017666666667	0,095754666666667	0,144665666666667	0,205796	3
0,081752	0,193491333333333	0,195521333333333	0,242938666666667	0,330466	3
0,117805	0,257223	0,217507333333333	0,233455333333333	0,280019	1
-1	-1	-1	-1	-1	-1	
-1	-1	-1	-1	-1	-1	
1,45478366666667	1,39519466666667	0,525968	0,652661	0,701739	2
2,0814335	2,2524255	0,834798	0,890156333333333	0,7892765	2
1,48734266666667	1,05132366666667	0,423231	0,540223	0,639089	2
0,477904333333333	0,797601333333333	0,773885	0,816086	0,809433	1
0,565023333333333	0,908307333333334	0,822311	0,930539666666667	0,93685	1
0,980451666666667	0,971249333333333	0,629555	0,590591666666667	0,5842485	2
-1	-1	-1	-1	-1	-1	
-1	-1	-1	-1	-1	-1	
-1	-1	-1	-1	-1	-1	
0,261227333333333	0,420859	0,800736	0,868155666666667	0,849248	3
0,217034333333333	0,400379666666667	0,772057666666667	0,726694	0,7702705	3
0,398387666666667	0,766267333333333	1,21307433333333	1,04518966666667	0,9554765	1
0,301027666666667	0,674040333333333	0,950557333333333	0,846278	0,8499375	1
0,366652666666667	0,493679	0,619717	0,486612666666667	0,5783015	1
2,011306	1,454334	0,859178	0,788093666666667	0,750956	2
0,826817	0,624568666666667	0,587007333333333	0,574166333333333	0,5757995	2
0,167916	0,260427666666667	0,37266	0,412399333333333	0,517167	3
0,119833	0,222844666666667	0,248750666666667	0,292313666666667	0,449646	3
0,187843333333333	0,316195	0,41963	0,654891333333333	0,716388	3
0,094873333333333	0,157597	0,294399	0,386377	0,401377	3
0,103661333333333	0,204927333333333	0,274405666666667	0,334016666666667	0,4251695	3
0,141094666666667	0,283052666666667	0,344063666666667	0,370318	0,4244945	3
0,396025333333333	0,747821333333333	0,749742333333333	0,592857333333333	0,53116	1
0,431635	0,825727666666667	0,982948	0,971977666666667	0,89827	1
0,230336666666667	0,457071333333333	0,658682333333333	0,660561	0,723505	3
0,127134	0,219854666666667	0,306770333333333	0,325878	0,4605845	3
0,212447	0,302285	0,387491	0,533011	0,7704025	3
0,235770666666667	0,264464	0,351616333333333	0,583429	0,762488	3
0,221926	0,2904115	0,281483	0,4528905	0,581859	3
0,222128	0,341726	0,564237333333333	0,656858	0,760096	3
0,38815	0,415193666666667	0,640231	0,699894	0,839922	3
0,419098	0,323826	0,327336	0,490069	0,623072	0
1,48230966666667	1,01938266666667	0,915555666666667	0,876211666666667	0,9441855	2
0,320592333333333	0,544035333333333	0,912744666666667	0,831822333333333	0,886439	3
0,096899666666667	0,373005333333333	0,655119666666667	0,650671	0,6967135	1
0,155219666666667	0,355314666666667	0,460739666666667	0,488487333333333	0,598284	3
0,101020333333333	0,317012	0,481879333333333	0,465882333333333	0,570215	1
0,165525	0,521842666666667	0,794694333333333	0,758730333333333	0,800665	1
0,212077	0,359372	0,3270765	0,395865666666667	0,564099	3
0,319629	0,554072	0,658140333333333	0,771600333333333	0,8525825	3
-1	-1	-1	-1	-1	-1	
0,218272333333333	0,454636	0,703487666666667	0,852455333333333	1,161331	3
0,099352666666667	0,232454333333333	0,402900333333333	0,398432333333333	0,5570555	3
0,028068333333333	0,054336	0,149166333333333	0,189296	0,3760915	3
0,048577666666667	0,085271333333333	0,082202333333333	0,140306333333333	0,2931425	0
0,064925	0,135720666666667	0,186211666666667	0,295781333333333	0,4823705	3
0,052656	0,151866666666667	0,262254	0,401295666666667	0,558003	3
0,026758	0,165380333333333	0,301479	0,477737666666667	0,6598215	3
-1	-1	-1	-1	-1	-1	
-1	-1	-1	-1	-1	-1	
0,569216	0,684418	0,617854333333333	0,639096	0,994103	0
1,19232166666667	0,883059	0,388722333333333	0,341845666666667	0,3534255	2
1,178327	0,859053	0,469629333333333	0,478621333333333	0,633231	2
1,61539266666667	1,222225	0,637998333333333	0,769282666666667	1,102266	2
0,74214	0,790647333333333	0,777385666666667	0,782790333333333	0,905965	0
0,126679	0,255199666666667	0,574405666666667	0,630477666666667	0,758124	3
0,068242	0,245875	0,635110666666667	0,641714	0,761989	3
0,011462666666667	0,037546333333333	0,051084	0,126251333333333	0,235813	3
0,041492333333333	0,132266	0,493384	0,550919	0,53401	3
0,029926	0,052264333333333	0,248387666666667	0,344073	0,479687	3
0,048813333333333	0,131757333333333	0,537532333333333	0,573416666666667	0,57872	3
0,05487	0,157452333333333	0,489442666666667	0,580908333333333	0,6796385	3
0,051482666666667	0,167905666666667	0,430743666666667	0,481961333333333	0,6210595	3
0,039019666666667	0,120749333333333	0,306864333333333	0,275379	0,300843	3
0,143865666666667	0,358802666666667	0,65263	0,574825	0,5863165	1
0,354925	0,654049666666667	0,833449333333333	0,692950666666667	0,750979	1
0,413295666666667	0,642159	0,75775	0,741084	0,792276	1
0,602983	0,879603	0,553398	0,629693	0,483393	2
0,642410333333333	0,92058	0,721439666666667	0,640458666666667	0,584353	2
0,386586	0,589471666666667	0,605766333333333	0,608417	0,575598	1
0,094223666666667	0,1968995	0,257771	0,366661	0,4138035	3
0,135676	0,447361	0,615183333333333	0,621252	0,568608	1
0,054974666666667	0,325758666666667	0,678474666666667	0,666219333333333	0,5882735	1
0,039386333333333	0,326008	0,561571	0,622523666666667	0,575648	1
0,128703333333333	0,387511666666667	0,493692333333333	0,658725333333333	0,64128	3
0,065353333333333	0,215103666666667	0,289007333333333	0,218381333333333	0,179232	1
0,089325666666667	0,152317333333333	0,304401666666667	0,331033	0,425363	3
0,053010666666667	0,125383666666667	0,265303666666667	0,337880333333333	0,449301	3
0,021108666666667	0,073100666666667	0,125042333333333	0,238040666666667	0,3852755	3
0,044886	0,103545666666667	0,167835	0,341013666666667	0,4860035	3
0,055554333333333	0,109941666666667	0,228488	0,297366333333333	0,2635555	3
-1	-1	-1	-1	-1	-1	
0,323417333333333	0,393134666666667	0,527606	0,569286333333333	0,580743	3
1,7946455	1,003934	0,426246666666667	0,373873	0,3936495	2
0,160587	0,108201666666667	0,241404666666667	0,363216	0,337915	3
0,037347666666667	0,032027	0,184246666666667	0,348334333333333	0,425773	3
0,044766	0,079131666666667	0,234892333333333	0,414618	0,198136	3
0,134793666666667	0,317543666666667	0,451594	0,631149666666667	0,436693	3
-1	-1	-1	-1	-1	-1	
-1	-1	-1	-1	-1	-1	
-1	-1	-1	-1	-1	-1	
-1	-1	-1	-1	-1	-1	
-1	-1	-1	-1	-1	-1	
0,074987666666667	0,2871	0,443605	0,5020595	0,7263185	3
0,164287666666667	0,375353	0,613107666666667	0,605927	0,553282	1
0,081422666666667	0,471136	0,608419	0,3543835	0,2435325	1
0,105740333333333	0,280346666666667	0,525170666666667	0,388511333333333	0,522693	1
0,233827	0,478508333333333	0,698490333333333	0,43097	0,6952125	1
0,201758333333333	0,316238	0,396711666666667	0,415177666666667	0,7076365	3
0,152341	0,186655333333333	0,22182	0,277921333333333	0,134534	1
0,064714666666667	0,108316666666667	0,155185666666667	0,180078666666667	0,2240815	3
0,102669666666667	0,101611666666667	0,141175	0,228538	0,3113655	3
0,091580333333333	0,248509333333333	0,519845	0,411390333333333	0,5643735	3
0,129070333333333	0,392357333333333	0,554325666666667	0,364615	0,574288	1
0,160557333333333	0,476277333333333	0,473751666666667	0,383364	0,4920445	1
0,086971333333333	0,302083666666667	0,491349666666667	0,326794666666667	0,484257	1
-1	-1	-1	-1	-1	-1	
0,063577	0,244441333333333	0,410139	0,288284333333333	0,4043335	1
0,167649	0,193645	0,538106666666667	0,522474	0,500863	3
0,2968	0,338765	0,433714666666667	0,5470345	0,3751345	3
